998 998 998 998 998 998 998 998 998 998 998 998 997 995 995 995 995 995 995 995 995 995 995 995 992 992 992 992 992 992 992 991 991 991 991 990 990 989 989 989 989 989 989 989 989 989 989 989 989 989 989 988 988 988 988 988 988 988 988 988 988 986 985 984 984 984 984 984 984 984 984 984 984 984 983 983 983 983 983 983 982 982 982 982 982 982 982 982 982 982 982 982 982 982 981 981 981 981 981 981
981 981 981 981 981 980 980 980 980 979 979 979 979 978 978 978 978 978 978 978 978 978 978 977 975 975 975 975 975 975 973 973 973 972 972 972 972 972 972 970 970 970 970 970 970 970 970 970 970 970 970 970 970 970 970 969 969 969 967 967 967 967 967 967 967 967 967 967 966 966 966 966 966 966 966 966 966 966 966 966 966 966 966 966 966 966 966 966 966 966 966 966 966 966 964 964 964 964 964 964
964 964 964 964 964 964 964 963 963 963 963 963 963 963 961 961 960 960 960 960 960 960 960 960 960 960 960 960 958 958 958 958 956 956 956 956 956 956 956 956 956 956 956 956 956 956 956 956 956 956 956 956 956 956 956 954 954 953 952 952 952 952 952 952 952 952 950 950 950 950 950 950 950 950 950 950 950 950 950 950 950 949 949 949 949 948 948 948 948 947 947 947 947 947 947 947 947 947 947 947
947 947 947 947 947 946 946 946 946 946 946 945 945 945 944 944 944 944 944 944 944 944 944 944 944 944 944 944 943 943 943 942 942 942 941 941 941 941 940 940 940 940 940 940 940 939 938 938 938 938 938 937 937 937 937 937 937 937 937 937 937 937 937 937 937 937 937 937 937 937 937 937 937 937 936 936 935 935 935 935 935 935 935 935 935 935 935 935 935 935 935 935 934 934 934 934 933 932 932 932
932 932 932 932 932 932 932 932 932 932 932 930 928 928 928 928 927 927 926 926 926 926 925 925 923 923 923 923 923 923 923 923 922 922 922 922 922 922 922 921 921 921 921 921 921 921 921 921 921 921 921 921 921 921 921 921 921 921 921 920 920 919 919 919 919 919 919 919 919 919 919 919 919 919 919 919 919 918 918 918 918 918 918 918 918 918 918 918 918 918 916 916 915 915 914 914 914 914 914 914
914 914 914 914 914 914 914 914 914 914 914 914 914 914 914 913 913 913 913 913 913 913 913 913 913 913 913 912 912 912 912 912 912 912 912 912 912 912 912 912 912 912 912 912 911 911 911 911 911 910 910 910 910 910 910 910 910 910 909 909 906 906 906 906 906 906 906 906 906 906 906 905 905 905 905 905 905 904 904 904 904 904 903 903 903 903 903 903 903 903 903 903 903 902 902 900 900 900 900 900
899 899 899 899 899 899 899 899 897 897 897 897 897 897 897 897 897 897 897 895 895 895 895 895 895 895 895 895 895 895 895 895 895 895 895 895 895 895 895 895 895 895 895 895 895 895 894 894 894 893 893 893 893 893 893 893 893 893 892 890 890 890 890 890 890 890 890 889 889 888 888 888 888 888 888 888 888 888 888 888 888 888 888 888 888 888 888 888 888 887 887 887 887 887 887 887 887 886 886 886
886 886 886 886 886 886 886 886 886 886 886 886 886 886 886 885 885 885 885 885 885 885 885 885 885 885 885 885 885 885 885 885 885 885 885 884 884 884 884 884 884 884 884 884 883 883 883 883 883 883 883 883 883 883 883 883 883 883 883 883 883 883 883 883 883 883 883 883 883 883 883 882 882 882 881 879 879 879 879 879 879 878 878 878 878 878 878 878 878 878 878 878 878 878 878 878 878 878 876 876
876 874 874 874 874 874 874 874 874 874 874 874 874 874 874 874 874 874 874 872 871 871 871 871 871 871 871 871 871 871 871 871 871 871 871 868 868 868 868 867 867 867 867 867 867 867 866 866 865 865 865 865 862 862 862 862 862 862 862 862 862 862 862 862 862 862 862 862 862 862 862 862 862 862 862 862 862 860 860 860 860 860 859 858 858 858 858 858 858 857 857 857 857 857 855 855 855 855 855 855
854 854 854 854 854 854 854 854 854 854 854 854 854 854 854 854 854 854 854 854 854 853 853 853 853 853 853 853 853 853 853 853 853 853 852 852 852 852 851 851 851 851 851 849 849 849 849 849 849 846 846 846 846 846 846 846 846 846 846 845 845 845 845 844 844 844 844 844 844 844 844 844 844 844 844 844 844 844 844 843 843 843 843 843 843 843 842 842 842 842 842 841 841 841 841 841 841 841 841 841
841 841 840 840 840 839 839 839 839 839 838 838 838 838 838 838 838 838 838 838 837 837 837 837 837 835 835 835 835 834 834 834 834 834 834 833 832 832 832 832 832 832 832 832 832 832 832 832 832 832 832 832 832 832 832 832 831 831 831 830 830 830 830 830 830 830 829 829 829 829 829 829 829 829 829 829 829 829 829 829 829 829 829 829 829 829 829 829 829 829 829 829 829 829 829 829 829 829 829 829
827 826 826 826 826 826 826 826 826 826 826 826 826 826 826 825 825 825 825 825 825 825 825 825 825 825 825 825 825 824 824 823 823 823 823 823 823 822 822 822 821 820 820 820 820 820 820 820 819 819 819 819 819 819 819 818 817 817 817 815 815 815 815 815 814 814 814 814 814 814 814 814 814 814 813 813 813 812 812 812 812 812 812 812 812 812 812 812 812 812 812 811 811 811 810 810 810 810 810 810
810 810 809 809 809 809 809 809 809 809 809 809 809 809 809 807 805 805 805 805 805 805 805 805 804 804 804 804 804 804 804 803 803 803 803 803 803 803 803 803 803 803 803 803 803 803 803 802 801 801 801 801 801 801 801 801 801 800 800 800 800 799 799 798 798 798 798 798 798 798 798 798 798 798 798 798 798 798 798 798 798 797 797 797 797 797 797 797 797 797 797 797 797 797 797 797 795 795 795 795
795 795 795 795 795 795 795 795 795 795 795 795 795 795 795 795 795 795 795 794 794 794 793 793 793 793 793 793 793 793 793 793 793 793 793 793 793 793 793 793 792 792 792 792 792 790 790 790 790 790 790 790 790 790 789 789 789 789 789 789 789 789 789 789 789 789 789 789 789 789 789 789 789 789 789 789 788 788 788 788 788 788 788 788 788 788 788 788 788 788 788 788 785 785 785 785 784 784 784 784
784 784 783 783 783 783 783 782 782 782 782 782 782 782 782 782 782 782 782 782 782 782 782 782 782 782 781 781 781 781 780 780 780 780 780 780 780 780 780 780 780 780 780 780 780 780 780 780 779 779 778 778 778 778 778 778 778 778 778 778 778 778 778 778 778 778 778 778 778 778 778 778 777 777 776 776 775 775 775 775 775 775 775 775 775 775 775 775 775 775 775 775 775 775 775 774 774 774 774 774
774 774 774 774 774 774 774 773 773 771 771 771 771 769 769 769 769 769 769 769 769 766 766 766 766 766 766 766 766 766 766 766 766 766 766 766 766 766 766 766 766 766 766 766 766 766 766 766 766 765 765 765 765 765 765 765 765 765 765 765 765 764 764 764 764 764 763 763 763 763 763 763 762 762 762 760 760 760 760 759 759 759 759 758 758 758 758 758 758 758 758 758 758 758 758 757 755 755 753 753
753 752 752 752 752 752 752 752 752 752 752 752 752 752 752 752 752 752 752 752 752 752 752 752 750 750 750 749 749 749 749 746 746 746 746 746 746 746 746 746 746 746 745 745 745 745 745 744 744 744 744 744 744 744 744 744 744 744 744 744 744 744 744 744 742 742 742 742 742 742 742 742 741 740 740 740 740 740 740 740 740 738 738 738 738 738 738 738 738 738 738 738 738 738 738 738 738 738 738 738
738 736 736 736 736 736 736 736 735 735 735 735 735 735 735 735 735 735 734 734 734 733 733 733 733 733 733 733 733 733 733 733 733 733 732 732 732 732 731 731 731 731 731 730 730 730 730 723 723 723 723 723 723 722 722 722 722 722 722 722 722 722 722 722 722 722 722 722 722 722 722 722 722 722 722 722 721 721 721 721 721 720 720 720 720 720 720 720 720 720 720 720 720 720 720 720 720 720 720 720
720 719 719 719 718 718 718 718 718 718 718 718 716 716 716 715 715 715 713 713 712 712 712 712 712 712 711 711 711 711 711 710 710 710 710 710 710 710 709 709 709 709 709 709 709 708 708 708 708 708 708 708 708 707 707 707 707 707 707 707 707 706 706 706 706 706 706 706 706 706 706 705 705 705 705 704 704 704 704 704 704 704 704 704 704 704 704 704 703 703 703 703 701 701 701 701 701 701 701 701
701 701 701 699 699 699 698 697 697 697 696 695 695 694 694 694 694 694 694 694 694 694 694 694 694 694 694 694 694 694 693 693 692 692 692 692 692 692 692 692 692 692 692 692 692 692 692 692 692 692 692 692 692 692 692 692 692 691 691 690 690 690 689 689 689 689 689 688 688 688 688 688 688 687 687 687 687 687 686 686 686 686 686 686 686 685 685 684 684 684 684 684 684 684 684 684 684 684 684 684
684 684 684 684 684 684 684 684 684 684 684 684 684 684 684 684 684 684 684 682 682 682 682 682 682 682 682 682 682 682 682 682 682 682 682 682 682 682 682 682 682 681 681 681 678 678 678 678 678 677 676 676 676 676 676 676 676 676 676 676 676 676 676 675 675 675 675 675 675 675 675 675 675 675 675 675 675 675 675 675 675 675 674 674 674 674 674 674 674 674 674 674 674 674 674 674 674 673 673 673
673 673 673 673 673 673 672 672 672 672 672 672 672 672 670 666 665 665 665 665 665 665 665 665 665 665 665 665 663 663 663 663 663 661 661 661 661 661 661 661 661 661 661 661 661 661 661 661 661 661 661 661 660 660 660 659 659 659 659 658 658 658 658 658 658 658 658 658 658 658 658 658 658 658 657 657 657 657 657 657 657 656 655 653 653 653 653 653 653 653 653 653 653 653 653 653 653 653 653 652
652 652 652 651 651 651 651 651 651 651 651 651 651 651 649 649 649 649 649 649 649 648 648 648 648 647 647 647 647 644 644 644 642 642 642 642 642 642 641 641 641 641 641 641 641 640 640 639 639 639 639 639 639 639 639 639 638 638 638 638 638 638 638 638 638 638 638 638 638 635 635 634 634 634 634 634 634 634 634 634 634 634 633 633 633 632 632 632 632 632 631 631 631 631 631 631 631 631 631 631
631 631 631 630 630 630 629 629 629 628 628 628 628 628 628 628 628 627 627 626 626 626 624 624 623 623 623 623 623 623 623 623 623 623 623 623 622 622 622 622 620 620 620 620 620 620 620 620 620 620 620 620 620 618 618 618 618 618 618 617 617 617 617 617 617 617 617 617 617 617 617 617 617 617 616 616 614 614 614 614 614 614 614 614 614 614 614 614 614 614 614 614 614 614 614 613 612 611 611 611
611 611 611 609 608 608 608 606 606 606 606 606 606 606 606 606 605 605 605 605 605 605 605 605 605 604 604 603 602 602 601 600 600 600 600 600 600 600 600 600 600 600 600 598 598 598 598 598 598 598 598 598 598 598 598 598 598 598 598 598 598 598 598 598 597 597 597 597 597 597 597 597 597 597 597 597 597 597 597 597 597 596 595 595 595 595 594 594 594 594 594 594 594 594 594 594 594 594 594 594
593 593 593 593 593 593 593 593 593 593 593 593 593 593 593 593 593 593 591 591 591 591 591 591 591 591 590 590 590 590 585 585 585 583 583 583 583 583 583 583 583 583 583 583 583 581 581 581 581 581 581 581 581 581 581 581 581 581 581 581 581 581 580 580 580 580 580 580 580 580 580 580 580 580 580 580 580 579 579 579 579 579 579 579 579 579 579 579 579 579 579 579 579 579 578 578 578 578 578 577
577 577 577 577 577 577 577 577 577 577 576 576 576 576 576 575 575 575 574 574 574 574 574 574 573 573 573 573 573 573 573 573 573 573 573 573 572 572 572 572 572 572 572 571 571 571 571 571 571 571 571 571 571 571 571 571 571 571 571 571 571 571 571 571 569 569 569 569 569 569 569 569 569 569 569 569 569 569 569 569 569 569 569 569 569 569 569 569 569 568 568 568 568 568 568 567 567 567 567 565
563 563 563 563 562 562 562 561 561 561 561 561 561 561 561 561 561 561 561 561 561 561 561 561 560 560 558 558 558 558 557 557 554 554 554 554 553 553 550 550 550 550 550 550 550 548 548 548 548 548 548 548 548 548 548 546 546 546 546 546 546 544 544 541 541 541 541 541 541 541 541 541 541 541 541 541 541 541 541 541 541 541 541 540 540 540 540 540 539 539 539 539 538 538 538 538 538 538 538 538
538 538 538 538 538 538 538 538 538 538 538 538 538 538 538 538 538 538 537 537 537 536 535 535 535 534 534 534 534 534 534 534 534 534 534 534 533 533 533 533 533 533 531 531 530 530 530 530 529 529 529 529 529 529 529 529 529 529 529 529 529 529 529 529 529 529 529 529 529 529 529 529 529 529 529 529 529 529 529 529 529 529 529 528 528 527 527 527 527 527 527 527 527 527 527 527 526 526 526 526
526 526 526 526 526 526 526 526 526 526 526 526 526 526 525 525 525 524 524 523 523 523 523 523 523 523 523 523 523 523 523 523 523 523 523 522 522 522 522 522 522 522 522 522 522 522 522 522 522 522 522 522 522 522 522 522 521 521 521 521 521 521 521 521 521 521 521 521 520 520 518 518 518 518 517 517 517 517 517 517 517 517 517 517 517 517 516 516 516 516 516 516 516 516 516 516 516 516 516 516
515 515 515 515 515 515 515 515 515 513 513 513 513 513 512 512 512 512 511 511 511 511 511 511 511 511 510 510 510 510 510 510 510 510 510 510 510 510 510 510 510 510 510 510 510 510 509 509 509 509 509 509 509 509 509 509 509 509 509 509 509 509 509 509 509 509 509 509 509 507 507 504 504 504 504 504 504 504 500 500 500 500 500 500 500 500 499 499 499 499 499 499 499 499 498 498 498 498 496 496
496 496 496 496 496 496 496 494 494 494 494 494 494 494 494 494 494 494 494 494 494 494 494 494 494 494 494 494 494 494 494 494 494 494 494 493 492 492 492 492 490 490 490 490 490 490 489 489 489 489 489 489 489 489 489 489 489 489 489 489 489 489 489 489 487 487 487 487 487 487 487 487 487 487 487 487 487 487 487 487 487 487 487 487 487 487 487 487 487 487 487 487 487 487 486 486 486 486 486 486
486 486 486 486 485 485 484 484 484 484 484 484 484 483 483 483 483 482 482 482 482 482 481 481 481 481 481 480 480 480 480 480 480 480 480 480 480 480 480 480 480 480 480 480 479 478 478 478 478 478 478 477 477 477 477 477 477 477 477 477 477 477 477 477 477 477 477 477 475 475 474 474 472 472 472 472 472 472 472 472 472 472 472 472 472 471 471 471 471 471 471 470 470 470 470 470 470 470 470 470
470 470 470 470 470 470 470 470 470 470 470 470 470 470 470 469 469 469 469 469 469 468 468 468 468 468 468 468 467 466 465 464 464 464 464 464 464 464 464 464 462 461 461 461 461 461 461 461 461 461 461 460 460 460 460 460 460 460 460 460 460 460 460 460 460 460 460 460 460 460 460 460 460 460 460 460 460 460 460 460 460 460 459 459 459 459 459 458 458 458 458 458 456 456 456 456 456 456 455 455
455 455 455 453 453 452 452 452 450 450 450 450 450 450 450 450 450 450 449 449 449 449 449 449 449 449 449 449 448 448 448 448 448 448 447 447 447 447 447 447 447 444 443 443 443 442 440 440 440 440 440 440 440 440 440 440 440 440 440 440 440 440 440 440 439 438 438 438 438 438 438 438 438 438 438 438 438 438 438 438 438 438 438 438 438 438 438 438 438 438 438 438 438 438 438 438 438 438 438 437
437 436 436 435 435 435 435 432 432 432 432 432 430 430 430 430 430 429 429 428 428 428 428 428 427 427 427 427 427 427 427 424 424 424 424 424 424 424 424 424 424 424 424 424 423 423 423 423 423 423 423 423 423 423 422 422 422 422 422 421 421 421 419 419 419 419 419 419 419 419 419 419 419 419 419 419 419 419 419 419 419 419 419 419 419 419 419 419 419 419 418 417 417 417 415 415 415 415 415 415
415 414 414 414 414 413 413 413 413 413 413 413 413 413 413 413 413 413 413 413 413 413 412 411 411 411 411 411 411 411 411 411 411 411 409 409 408 408 408 407 407 407 406 406 406 406 406 406 405 405 405 405 405 405 405 405 405 405 403 403 403 403 403 403 403 403 403 403 403 403 403 403 403 402 401 401 401 401 401 401 401 401 401 401 401 401 401 401 401 401 401 401 400 400 400 400 400 398 396 396
395 395 395 395 395 395 395 395 395 394 394 394 394 394 394 394 394 394 394 392 392 392 392 392 392 392 392 392 392 392 392 392 392 392 392 392 392 391 390 390 390 390 390 390 390 390 390 390 390 390 390 390 390 390 388 388 388 388 387 387 387 387 387 387 387 387 387 385 385 385 385 385 385 385 385 385 385 385 385 383 383 383 383 381 381 381 381 381 381 381 381 381 381 381 381 381 381 381 381 381
379 379 379 379 379 378 378 378 378 378 378 378 378 378 378 377 377 377 377 377 377 376 376 376 376 375 375 375 375 374 374 374 373 373 373 373 373 373 373 373 373 373 372 371 371 371 370 370 370 369 368 368 368 368 368 368 368 368 368 368 368 368 368 368 368 368 368 368 368 368 368 368 368 368 368 368 368 368 368 368 368 368 368 368 368 368 368 368 368 368 368 368 368 368 366 366 366 366 366 364
364 364 364 364 362 362 362 362 362 362 362 362 362 362 362 362 362 362 362 362 362 362 362 362 362 361 361 361 361 361 361 361 358 357 357 357 357 357 357 357 357 357 356 355 355 355 355 355 355 355 355 355 355 354 354 354 354 354 354 354 354 354 354 354 354 354 354 354 354 354 354 354 354 354 354 354 354 354 354 354 354 354 354 354 354 354 354 354 354 354 354 354 354 352 352 352 352 352 352 351
351 351 351 351 351 351 351 350 350 350 350 350 350 350 350 350 350 350 350 350 350 350 350 350 349 349 349 349 349 349 349 349 349 349 349 349 349 349 349 348 348 348 348 348 348 348 348 348 348 348 348 348 348 348 348 348 347 347 347 347 346 346 346 346 346 346 346 346 346 346 346 346 346 346 346 346 346 346 346 346 346 346 346 345 345 345 345 345 343 343 343 343 343 343 343 343 343 342 342 342
339 339 339 339 339 336 336 336 336 336 336 336 336 336 335 335 334 334 334 334 334 334 334 334 334 334 333 333 333 333 332 332 332 332 332 332 332 331 330 329 329 329 329 329 328 328 328 327 327 327 327 327 327 326 326 326 326 326 326 326 326 326 326 326 326 326 325 325 325 325 324 322 322 322 322 322 322 322 322 321 321 321 320 320 320 320 320 320 319 319 319 319 319 318 318 318 318 318 318 318
317 316 316 315 315 315 314 314 313 313 313 311 311 311 310 310 310 310 310 310 310 310 310 310 309 309 309 309 309 309 309 309 308 308 308 308 308 308 308 308 308 308 307 307 307 307 307 307 305 304 304 304 304 303 301 300 300 300 300 300 299 299 299 298 298 298 296 296 296 296 296 296 296 296 296 296 296 296 296 296 296 296 296 296 295 295 295 295 294 294 294 294 294 294 290 290 290 290 289 289
285 285 285 285 285 285 285 285 283 283 283 283 283 283 283 283 283 283 283 283 283 283 283 283 283 283 283 283 283 283 283 283 283 283 283 283 283 283 283 283 281 281 281 281 280 280 280 280 280 280 280 280 280 280 280 280 280 280 279 279 279 279 279 279 279 279 279 279 279 279 279 279 279 279 279 279 279 279 279 278 278 278 278 278 278 277 277 277 277 277 277 276 276 276 276 276 276 276 276 276
276 276 276 276 276 276 276 275 275 275 275 275 275 275 275 275 275 275 275 275 274 274 274 274 274 274 274 274 274 274 274 274 274 274 274 274 274 274 274 274 274 273 272 272 272 272 272 272 270 270 270 270 270 268 268 268 267 266 266 266 266 266 266 265 265 265 265 265 265 265 265 263 263 263 263 263 262 262 262 262 259 259 259 259 259 259 259 259 258 258 258 258 258 258 257 256 256 256 256 256
256 256 256 256 256 254 252 252 252 252 252 252 252 252 252 249 249 249 249 249 249 247 244 244 242 242 242 242 242 242 242 242 242 242 242 242 241 241 241 241 241 241 241 240 240 240 240 240 240 240 239 239 239 239 239 239 239 239 239 239 239 239 239 239 239 239 236 236 236 236 236 236 236 236 236 236 236 236 236 236 236 236 236 236 234 234 234 234 234 234 234 231 230 229 229 229 229 229 229 229
229 229 229 228 227 227 227 227 227 227 227 225 225 224 224 224 224 224 222 220 220 220 220 217 217 217 217 217 217 217 217 217 217 217 217 217 217 217 217 217 217 217 217 217 217 217 217 217 217 217 217 217 217 217 217 217 217 217 217 217 217 217 216 216 216 216 216 215 215 215 215 215 215 215 214 214 214 214 214 214 214 214 214 213 213 213 213 213 212 210 210 210 210 210 210 210 210 210 210 209
209 208 208 208 208 208 208 207 207 207 206 206 206 206 205 205 205 205 205 205 205 205 205 205 205 205 205 205 205 205 205 205 205 205 205 204 204 204 204 204 204 204 204 204 204 204 204 204 204 204 204 204 204 203 203 203 203 203 202 201 201 201 201 201 201 201 201 198 198 198 198 198 198 198 198 198 198 198 198 198 197 197 197 197 197 197 197 196 196 196 196 196 196 196 196 196 196 196 196 196
196 194 194 194 193 193 193 193 193 193 193 192 192 192 192 192 192 192 192 192 192 192 192 192 192 188 188 187 187 187 187 186 186 185 185 185 185 185 183 183 183 183 183 183 183 183 183 183 183 183 183 183 183 183 183 183 183 183 183 183 183 182 181 181 181 181 181 181 181 181 181 180 180 180 179 179 179 178 178 177 177 177 177 177 177 177 177 177 177 177 177 177 177 177 177 177 177 177 177 177
177 177 177 177 177 177 177 177 177 177 177 177 177 176 176 176 176 176 175 175 175 175 175 175 175 175 175 174 174 174 174 173 173 173 173 173 173 173 173 172 172 172 172 172 172 172 172 172 172 172 172 171 171 171 171 171 171 170 170 170 170 170 170 169 168 168 168 168 168 168 168 168 167 167 167 164 164 164 164 164 164 163 163 162 162 162 162 162 162 162 162 162 162 162 162 162 162 161 161 161
161 161 161 161 161 161 161 161 161 161 161 160 160 160 160 160 160 159 159 159 159 158 158 158 158 158 158 158 158 157 157 157 157 157 156 155 155 155 155 155 155 155 154 154 154 154 154 154 154 154 154 153 151 151 151 151 151 151 151 151 151 151 151 151 151 151 151 151 151 151 151 151 150 150 150 147 147 147 147 147 147 147 147 147 147 147 147 147 147 147 147 145 145 145 145 145 145 145 145 145
145 145 145 145 145 145 145 145 145 145 145 145 145 145 145 145 145 145 144 144 144 143 143 143 143 143 143 143 143 143 143 143 142 141 141 140 140 140 140 140 140 140 140 140 140 140 140 140 140 139 139 139 139 138 138 138 137 136 136 136 136 136 136 136 136 132 132 132 132 132 132 132 132 132 132 132 132 132 132 132 132 132 132 132 132 131 130 130 130 130 130 130 130 130 130 129 129 129 129 129
129 129 129 129 129 129 128 127 127 126 126 126 126 126 126 126 125 125 125 125 125 125 125 125 124 124 124 123 123 122 122 122 122 122 122 122 122 120 120 120 120 120 120 120 120 120 120 120 120 120 120 120 120 120 120 120 120 120 120 120 120 120 120 120 120 120 120 120 120 120 118 118 118 118 118 118 117 117 117 117 117 117 117 117 116 116 116 116 116 116 116 116 116 116 116 116 116 115 115 115
115 115 115 115 115 114 114 114 114 114 113 113 113 113 112 112 112 112 112 112 112 112 112 112 112 112 112 112 112 112 112 112 112 111 111 111 111 111 111 110 110 110 110 110 110 110 110 108 108 108 108 108 108 108 105 105 105 105 104 104 104 104 104 104 103 103 101 101 101 101 101 100 100 100 100 100 100 100 100 100 100 100 100 98 98 98 97 97 97 97 97 97 97 97 97 97 96 96 96 96
96 95 95 95 95 95 95 95 94 94 94 94 94 94 94 93 93 93 93 93 93 93 93 93 93 93 93 93 90 90 90 90 90 90 90 90 90 90 89 89 89 85 85 85 85 85 85 83 82 82 82 82 82 80 80 80 78 78 78 78 78 78 78 78 78 78 78 78 78 78 75 75 75 75 75 75 75 75 75 75 75 75 75 75 75 75 75 75 73 73 73 73 73 73 73 73 72 72 72 72
72 72 72 72 72 72 72 72 72 72 72 72 72 72 71 71 71 71 71 71 71 71 71 71 71 71 71 71 71 71 71 71 71 71 71 71 71 71 71 71 71 71 71 71 71 71 71 71 70 70 70 70 70 70 70 70 70 70 70 70 70 69 69 69 69 69 69 69 69 68 68 68 68 68 68 68 68 68 68 67 66 66 66 66 66 64 59 59 58 58 58 58 58 58 58 58 58 57 57 57
57 57 57 57 57 57 57 57 57 55 55 55 55 55 55 55 55 55 55 55 55 54 54 54 54 54 54 54 54 54 54 54 54 53 53 52 52 52 52 52 52 52 52 52 52 52 52 51 51 51 51 48 48 48 48 48 48 48 48 48 48 48 48 48 48 46 46 46 46 45 45 45 45 45 45 45 45 45 45 45 45 45 44 44 44 43 43 43 43 43 43 43 43 43 43 43 43 43 43 43
43 41 41 40 39 39 39 39 39 39 39 39 39 39 39 39 39 39 39 39 39 39 39 39 39 39 39 39 39 39 39 39 39 39 39 39 39 38 38 38 38 38 38 38 38 38 38 38 38 37 37 37 37 37 37 37 37 37 36 35 35 35 35 35 35 35 35 35 35 35 33 33 33 33 33 33 33 33 33 33 33 33 33 33 33 32 32 32 32 32 32 32 32 32 32 32 32 32 32 32
32 32 32 32 32 32 32 32 32 32 32 32 31 31 31 31 31 31 31 31 31 31 31 31 31 31 31 31 28 28 28 28 28 28 28 28 28 28 28 28 27 27 27 27 27 27 27 27 27 27 27 27 27 27 27 26 26 26 26 25 25 25 25 25 25 24 24 23 23 22 22 21 21 21 21 21 21 21 21 21 21 21 21 20 20 19 18 18 18 18 18 17 17 17 17 17 17 17 17 17
17 16 15 15 12 12 12 12 12 12 12 12 12 12 12 12 12 12 12 12 12 12 12 12 12 12 12 11 11 11 10 10 10 10 10 10 10 10 10 10 10 10 8 8 8 8 8 8 8 8 8 8 8 8 8 8 8 7 7 7 7 6 6 6 6 6 6 6 6 5 5 5 5 5 5 5 5 5 4 4 4 4 4 4 2 2 2 2 2 2 1 1 1 1 1 1 1 1 1 0